I
1130 Generated by WorldEditor 2.3.1r1

1   2532 0 0 OETB Tabuk - Prince Sultan
1302 gui_label 3D
1302 flatten 1
100 45.00 1 1 0.00 1 3 0 06R  28.36267875  036.63302329  300    0 3 0 0 0 24L  28.37525623  036.66356904  300    0 3 0 0 0
100 45.00 1 1 0.00 1 3 0 06L  28.36772864  036.61762744  300   50 5 0 0 0 24R  28.38278037  036.65416716  300   47 5 4 0 0
100 45.00 15 0 0.00 1 3 0 13  28.38217059  036.59224946  300    0 4 0 0 0 31  28.36004713  036.61979046  300    0 4 0 0 0
120 Linear Feature 66
111  28.36193962  036.62779001 10
112  28.36206606  036.62803333  28.36208501  036.62815616 10
112  28.36203173  036.62831561  28.36199102  036.62840335 10
115  28.36188026  036.62847852
120 Linear Feature 65
111  28.36271286  036.62820321 10
112  28.36258900  036.62818658  28.36254630  036.62819057 10
111  28.36247796  036.62821767 10
111  28.36186770  036.62848355 10
111  28.36175462  036.62853661 10
112  28.36156916  036.62872570  28.36150658  036.62886959
111  28.36156916  036.62872570
112  28.36156916  036.62872570  28.36150367  036.62888117 10
115  28.36156245  036.62904798
120 Linear Feature 64
111  28.36258226  036.62770769 10
112  28.36259075  036.62791720  28.36259270  036.62793991 10
112  28.36264759  036.62809788  28.36268902  036.62816768 10
115  28.36282450  036.62824642
120 Linear Feature 63
111  28.36244729  036.62684291 10
115  28.36256954  036.62719686
120 Linear Feature 62
111  28.36257894  036.62748901 10
112  28.36243946  036.62783634  28.36229998  036.62795901 10
115  28.36211805  036.62790762
120 Linear Feature 61
111  28.36266250  036.62683998 10
111  28.36257052  036.62719834 10
111  28.36258081  036.62755182 10
111  28.36258275  036.62770423 10
112  28.36246071  036.62809470  28.36235762  036.62825665 10
115  28.36220292  036.62833749
120 Linear Feature 60
111  28.36208559  036.62298581 10
112  28.36230394  036.62309819  28.36238981  036.62318254 10
111  28.36243530  036.62333728 10
115  28.36254591  036.62367597
120 Linear Feature 59
111  28.36190742  036.62303805 10
112  28.36225006  036.62311385  28.36241015  036.62324948 10
115  28.36237971  036.62349923
120 Linear Feature 58
111  28.36240450  036.62249098 10
111  28.36242552  036.62324677 10
112  28.36241969  036.62334270  28.36241441  036.62337501 10
111  28.36238622  036.62347832 10
115  28.36233091  036.62367845
120 Linear Feature 57
111  28.36596902  036.62606893 10
112  28.36628627  036.62619815  28.36647494  036.62617422 10
115  28.36654652  036.62601043
120 Linear Feature 56
111  28.36060240  036.62621472 10
115  28.36284929  036.63284754
120 Linear Feature 55
112  28.36763427  036.62305803  28.36778124  036.62280596 10
112  28.36859477  036.62232413  28.36909273  036.62222409 10
115  28.36953415  036.62254524
120 Linear Feature 54
111  28.36401411  036.61955213 10
112  28.36412132  036.61972069  28.36415080  036.61981003 10
115  28.36414444  036.61990532
120 Linear Feature 53
111  28.36404226  036.61957361 10
115  28.36419970  036.61968217
120 Linear Feature 52
111  28.36801954  036.62393131 10
112  28.36798131  036.62399821  28.36795323  036.62403012 10
111  28.36790683  036.62403865 10
111  28.36732807  036.62411808 10
112  28.36726237  036.62414450  28.36723020  036.62416444 10
115  28.36721588  036.62419849
120 Linear Feature 52
111  28.36763795  036.62496920 10
112  28.36759876  036.62503556  28.36757069  036.62506747 10
111  28.36752428  036.62507600 10
111  28.36694552  036.62515544 10
112  28.36687983  036.62518186  28.36684766  036.62520180 10
115  28.36683333  036.62523584
120 Linear Feature 52
111  28.36792428  036.62419002 10
112  28.36788636  036.62425705  28.36785829  036.62428896 10
111  28.36781189  036.62429749 10
111  28.36723312  036.62437692 10
112  28.36716743  036.62440334  28.36713526  036.62442328 10
115  28.36712094  036.62445733
120 Linear Feature 52
111  28.36754252  036.62522804 10
112  28.36750381  036.62529440  28.36747574  036.62532631 10
111  28.36742934  036.62533484 10
111  28.36685058  036.62541428 10
112  28.36678488  036.62544070  28.36675271  036.62546064 10
115  28.36673839  036.62549468
120 Linear Feature 52
111  28.36783030  036.62444587 10
112  28.36779209  036.62451223  28.36776401  036.62454414 10
111  28.36771761  036.62455267 10
111  28.36713885  036.62463211 10
112  28.36707315  036.62465853  28.36704098  036.62467847 10
115  28.36702666  036.62471251
120 Linear Feature 52
111  28.36744873  036.62548341 10
112  28.36740954  036.62554959  28.36738147  036.62558149 10
111  28.36733506  036.62559003 10
111  28.36675630  036.62566946 10
112  28.36669060  036.62569588  28.36665843  036.62571582 10
115  28.36664411  036.62574986
120 Linear Feature 52
111  28.36773390  036.62470815 10
112  28.36769520  036.62477451  28.36766713  036.62480642 10
111  28.36762072  036.62481495 10
111  28.36704196  036.62489438 10
112  28.36697627  036.62492080  28.36694410  036.62494074 10
115  28.36692977  036.62497478
120 Linear Feature 52
111  28.36735214  036.62574661 10
112  28.36731265  036.62581186  28.36728458  036.62584377 10
111  28.36723818  036.62585230 10
111  28.36665942  036.62593173 10
112  28.36659372  036.62595815  28.36656155  036.62597809 10
115  28.36654723  036.62601214
120 Linear Feature 52
111  28.36717347  036.62623252 10
112  28.36713477  036.62629888  28.36710669  036.62633079 10
111  28.36706029  036.62633932 10
111  28.36648153  036.62641875 10
112  28.36641583  036.62644517  28.36638366  036.62646511 10
115  28.36636934  036.62649916
120 Linear Feature 51
111  28.36802495  036.62391702 10
115  28.36717338  036.62623229
120 Linear Feature 50
111  28.36678171  036.62537539 10
112  28.36677304  036.62546314  28.36677840  036.62550866 10
111  28.36679620  036.62553091 10
111  28.36712980  036.62602565 10
112  28.36718000  036.62613059  28.36719117  036.62618329 10
115  28.36717326  036.62623241
120 Linear Feature 50
111  28.36716387  036.62433546 10
112  28.36715615  036.62442244  28.36716151  036.62446796 10
111  28.36717931  036.62449020 10
111  28.36751291  036.62498495 10
112  28.36756311  036.62508988  28.36757428  036.62514258 10
115  28.36755637  036.62519171
120 Linear Feature 50
111  28.36697264  036.62485747 10
112  28.36696383  036.62494430  28.36696919  036.62498982 10
111  28.36698699  036.62501207 10
111  28.36732058  036.62550681 10
112  28.36737078  036.62561174  28.36738195  036.62566444 10
115  28.36736404  036.62571357
120 Linear Feature 50
111  28.36735669  036.62381384 10
112  28.36734897  036.62390082  28.36735433  036.62394635 10
111  28.36737213  036.62396859 10
111  28.36770572  036.62446334 10
112  28.36775593  036.62456827  28.36776710  036.62462097 10
115  28.36774796  036.62466994
120 Linear Feature 50
111  28.36687742  036.62511530 10
112  28.36686857  036.62520196  28.36687393  036.62524748 10
111  28.36689174  036.62526973 10
111  28.36722533  036.62576447 10
112  28.36727553  036.62586940  28.36728670  036.62592210 10
115  28.36726938  036.62597145
120 Linear Feature 50
111  28.36726143  036.62407150 10
112  28.36725371  036.62415849  28.36725907  036.62420401 10
111  28.36727688  036.62422625 10
111  28.36761047  036.62472100 10
112  28.36766067  036.62482593  28.36767184  036.62487863 10
115  28.36765311  036.62492775
120 Linear Feature 50
111  28.36706911  036.62459337 10
112  28.36706139  036.62468035  28.36706675  036.62472587 10
111  28.36708455  036.62474811 10
111  28.36741814  036.62524286 10
112  28.36746835  036.62534779  28.36747952  036.62540049 10
115  28.36746161  036.62544961
120 Linear Feature 50
111  28.36745425  036.62354989 10
112  28.36744653  036.62363687  28.36745189  036.62368239 10
111  28.36746969  036.62370463 10
111  28.36780329  036.62419938 10
112  28.36785349  036.62430432  28.36786466  036.62435702 10
115  28.36784498  036.62440636
120 Linear Feature 50
111  28.36763321  036.62306080 10
112  28.36762549  036.62314778  28.36763085  036.62319330 10
111  28.36764865  036.62321555 10
111  28.36798225  036.62371030 10
112  28.36803245  036.62381523  28.36804362  036.62386793 10
115  28.36802457  036.62391737
120 Linear Feature 49
111  28.36648867  036.62673893 10
112  28.36640961  036.62653595  28.36640142  036.62645552 10
115  28.36642550  036.62634170
120 Linear Feature 48
111  28.36622983  036.62640673 10
112  28.36628247  036.62656227  28.36629358  036.62666132 10
115  28.36627189  036.62675903
120 Linear Feature 47
111  28.36618908  036.62697607 10
112  28.36640259  036.62687342  28.36653735  036.62686002 10
115  28.36665636  036.62695285
120 Linear Feature 46
111  28.36558263  036.62583050 10
115  28.36542112  036.62598842
120 Linear Feature 45
111  28.36547502  036.62568844 10
115  28.36531499  036.62585077
120 Linear Feature 44
111  28.36584395  036.62590984 10
112  28.36584198  036.62607500  28.36580152  036.62615753 10
115  28.36571684  036.62616955
120 Linear Feature 43
111  28.36518795  036.62550541 10
112  28.36528893  036.62536954  28.36539590  036.62533891 10
115  28.36545149  036.62540506
120 Linear Feature 42
111  28.36535890  036.62614622 10
111  28.36601746  036.62618910 10
111  28.36605199  036.62620059 10
115  28.36609158  036.62622930
120 Linear Feature 41
111  28.36518308  036.62506010 10
112  28.36520530  036.62510885  28.36520970  036.62512424 10
111  28.36520940  036.62515206 10
115  28.36516429  036.62590385
120 Linear Feature 40
111  28.36874599  036.62064162 10
111  28.36860897  036.62071333 10
112  28.36846218  036.62075808  28.36837728  036.62077324 10
115  28.36825976  036.62075357
120 Linear Feature 39
111  28.36565267  036.62464862 10
112  28.36547802  036.62491822  28.36532641  036.62502573 10
112  28.36515492  036.62496288  28.36509670  036.62494083 10
115  28.36502780  036.62486219
120 Linear Feature 38
111  28.36559452  036.62493937 10
112  28.36550920  036.62508990  28.36549574  036.62514507 10
112  28.36550164  036.62528380  28.36550281  036.62531372
111  28.36550164  036.62528380
112  28.36550164  036.62528380  28.36550632  036.62535227 10
112  28.36552337  036.62542862  28.36552747  036.62545388
111  28.36552337  036.62542862
112  28.36552337  036.62542862  28.36554618  036.62554029 10
115  28.36560171  036.62559951
120 Linear Feature 37
111  28.36585325  036.62461928 10
111  28.36564698  036.62487618 10
111  28.36559449  036.62493936 10
112  28.36544954  036.62503877  28.36537350  036.62506801 10
115  28.36532271  036.62507027
120 Linear Feature 36
111  28.36565584  036.62452392 10
115  28.36564674  036.62487769
120 Linear Feature 35
111  28.36485029  036.62498912 10
112  28.36494330  036.62487726  28.36496036  036.62480110 10
115  28.36491869  036.62471952
120 Linear Feature 34
111  28.36401225  036.62419081 10
112  28.36400781  036.62429605  28.36401594  036.62433021 10
112  28.36403550  036.62436425  28.36404119  036.62437210 10
111  28.36452429  036.62498820 10
112  28.36457063  036.62502498  28.36459866  036.62503652 10
115  28.36464009  036.62503728
120 Linear Feature 33
111  28.36432698  036.62396270 10
112  28.36418378  036.62390763  28.36410647  036.62392163 10
115  28.36407144  036.62399448
120 Linear Feature 32
111  28.36409483  036.62366356 10
112  28.36412574  036.62373441  28.36413224  036.62376395 10
112  28.36413138  036.62379118  28.36413098  036.62380088 10
111  28.36392951  036.62446833 10
112  28.36392272  036.62454663  28.36392613  036.62457987 10
112  28.36394042  036.62462132  28.36394871  036.62463683 10
111  28.36426706  036.62504663 10
112  28.36433506  036.62509027  28.36436918  036.62509581 10
111  28.36440329  036.62508950 10
111  28.36498711  036.62495898 10
112  28.36506460  036.62495513  28.36510150  036.62496167 10
115  28.36513972  036.62500493
120 Linear Feature 31
111  28.36742801  036.62073997 10
112  28.36786113  036.62143174  28.36799945  036.62186522
111  28.36786113  036.62143174
112  28.36786113  036.62143174  28.36803718  036.62197002 10
115  28.36785272  036.62246615
120 Linear Feature 30
111  28.36714372  036.62082592 10
112  28.36724984  036.62062606  28.36733373  036.62053072 10
115  28.36750946  036.62050738
120 Linear Feature 29
111  28.36694333  036.62170194 10
112  28.36695249  036.62146054  28.36695600  036.62136548 10
115  28.36698093  036.62127052
120 Linear Feature 28
111  28.36688733  036.62042199 10
112  28.36706169  036.62060030  28.36713330  036.62071542 10
112  28.36714494  036.62080242  28.36714629  036.62081935 10
111  28.36714348  036.62082558 10
111  28.36698087  036.62127177 10
112  28.36686342  036.62144232  28.36675872  036.62157261 10
115  28.36673928  036.62159720
120 Linear Feature 27
111  28.36570603  036.62011441 10
112  28.36572161  036.62018234  28.36571991  036.62022350 10
112  28.36569449  036.62027096  28.36567486  036.62030558 10
115  28.36565299  036.62031889
120 Linear Feature 26
111  28.36561681  036.61997724 10
111  28.36572452  036.62014264 10
112  28.36580004  036.62025502  28.36584468  036.62031628
111  28.36580004  036.62025502
112  28.36580004  036.62025502  28.36586405  036.62034308 10
115  28.36592049  036.62037463
120 Linear Feature 25
111  28.36730472  036.62037989 10
112  28.36753024  036.62019698  28.36762120  036.62014434 10
115  28.36828053  036.61977968
120 Linear Feature 24
111  28.36147997  036.62304463 10
112  28.36151750  036.62309475  28.36152579  036.62312079 10
112  28.36151770  036.62319894  28.36150649  036.62323716 10
115  28.36145004  036.62329635
120 Linear Feature 23
111  28.36181977  036.62308742 10
112  28.36168884  036.62310978  28.36163325  036.62310633 10
111  28.36149883  036.62305415 10
115  28.36134374  036.62299461
120 Linear Feature 22
111  28.36239667  036.62214773 10
111  28.36240170  036.62238209 10
112  28.36238494  036.62263359  28.36235462  036.62275324 10
115  28.36226841  036.62283651
120 Linear Feature 21
111  28.36224364  036.61793591 10
111  28.36239416  036.62214487 10
112  28.36258688  036.62243639  28.36273387  036.62251413 10
115  28.36287200  036.62247354
120 Linear Feature 20
111  28.36287352  036.62247221 10
112  28.36308981  036.62246991  28.36318381  036.62249403 10
115  28.36326365  036.62259281
120 Linear Feature 19
111  28.36325234  036.62211882 10
112  28.36319447  036.62235724  28.36319346  036.62245257 10
111  28.36326240  036.62259325 10
111  28.36726623  036.62773592 10
112  28.36731595  036.62781508  28.36733869  036.62786103 10
111  28.36735116  036.62789797 10
111  28.36913980  036.63274319 10
112  28.36909956  036.63331197  28.36895872  036.63356635 10
111  28.36874495  036.63367782 10
111  28.36419394  036.63564737 10
116  28.36398520  036.63599912  28.36398399  036.63624860
120 Linear Feature 18
111  28.36425755  036.61945444 10
111  28.36385122  036.62107301 10
112  28.36376355  036.62134902  28.36371140  036.62148272 10
112  28.36363818  036.62161457  28.36358975  036.62169832
111  28.36363818  036.62161457
112  28.36363818  036.62161457  28.36360794  036.62166700 10
111  28.36352679  036.62179610 10
111  28.36325157  036.62212368 10
112  28.36304793  036.62232779  28.36301102  036.62236064 10
111  28.36287288  036.62247183 10
111  28.36276424  036.62255414 10
111  28.36260126  036.62265017 10
111  28.36181659  036.62308916 10
111  28.36145020  036.62329548 10
111  28.36115682  036.62348103 10
112  28.36039326  036.62479340  28.36024724  036.62572976 10
112  28.36081635  036.62660287  28.36093804  036.62680535 10
112  28.36162880  036.62755752  28.36193238  036.62780869 10
112  28.36237367  036.62805398  28.36249187  036.62811399 10
112  28.36293764  036.62828558  28.36310665  036.62834045 10
112  28.36362601  036.62842424  28.36385223  036.62843906
111  28.36362601  036.62842424
112  28.36362601  036.62842424  28.36374890  036.62843244 10
112  28.36432887  036.62840104  28.36450095  036.62837939 10
112  28.36497612  036.62819525  28.36513960  036.62811236 10
112  28.36557518  036.62779267  28.36573363  036.62764977 10
112  28.36597689  036.62731906  28.36605486  036.62720474 10
112  28.36619777  036.62695946  28.36621537  036.62691522
111  28.36619777  036.62695946
112  28.36619777  036.62695946  28.36620420  036.62694446 10
111  28.36785121  036.62246934 10
111  28.36834757  036.62113495 10
112  28.36847384  036.62097100  28.36857936  036.62090070 10
115  28.36870076  036.62093218
120 Linear Feature 17
111  28.36352025  036.62180303 10
112  28.36424853  036.62118194  28.36477088  036.62078504
111  28.36424853  036.62118194
112  28.36424853  036.62118194  28.36431329  036.62113635 10
112  28.36503091  036.62074014  28.36541234  036.62059485 10
112  28.36588628  036.62047827  28.36611682  036.62043461 10
112  28.36663233  036.62041096  28.36687288  036.62041096 10
112  28.36744123  036.62049107  28.36766197  036.62054482 10
112  28.36787336  036.62060145  28.36808197  036.62066486
111  28.36787336  036.62060145
112  28.36787336  036.62060145  28.36805044  036.62066073 10
111  28.36821137  036.62073522 10
112  28.36862737  036.62090214  28.36872339  036.62094234 10
116  28.36893887  036.62105293  28.36906117  036.62113218
120 Linear Feature 16
111  28.36425580  036.61945675 10
112  28.36426311  036.61966756  28.36428858  036.61973372 10
112  28.36433656  036.61977878  28.36434977  036.61979224 10
112  28.36498886  036.62011088  28.36541138  036.62027207 10
112  28.36565280  036.62031875  28.36568413  036.62032679 10
112  28.36591076  036.62037287  28.36594796  036.62037838 10
116  28.36634375  036.62042146  28.36653175  036.62042559
120 Linear Feature 96
111  28.36830937  036.62104409 4 104
115  28.36844000  036.62111112
120 Linear Feature 95
111  28.36823448  036.62064471 4 104
115  28.36819939  036.62080757
120 Linear Feature 88
111  28.37060395  036.60530040 104
115  28.37042510  036.60552007
120 Linear Feature 87
111  28.37513819  036.59966299 104
115  28.37494410  036.59990168
120 Linear Feature 86
111  28.37972134  036.59394561 104
115  28.37947418  036.59425312
120 Linear Feature 93
111  28.36281409  036.63237361 2
115  28.36260515  036.63247028
120 Linear Feature 90
111  28.36284139  036.63182632 2
115  28.36293163  036.63210254
120 Linear Feature 89
111  28.36265080  036.62770529 2
115  28.36244462  036.62771792
120 Linear Feature 88
111  28.36197032  036.62773091 2
115  28.36190154  036.62785853
120 Linear Feature 87
111  28.36199769  036.62820323 2
115  28.36208835  036.62846579
120 Linear Feature 86
111  28.36395390  036.61935676 2
115  28.36379832  036.61960802
120 Linear Feature 85
111  28.36435865  036.61931117 2
115  28.36419709  036.61925824
120 Linear Feature 84
111  28.36199914  036.62290551 2
115  28.36211234  036.62315245
120 Linear Feature 83
111  28.36250682  036.62324803 2
115  28.36222045  036.62325952
120 Linear Feature 82
111  28.36272567  036.62241007 2
115  28.36281916  036.62259767
120 Linear Feature 81
111  28.36333553  036.62213973 2
115  28.36321930  036.62199616
120 Linear Feature 80
111  28.36331463  036.62254367 2
115  28.36321609  036.62264131
120 Linear Feature 79
111  28.36486878  036.62454015 2
115  28.36477445  036.62463970
120 Linear Feature 78
111  28.36468015  036.62495191 2
115  28.36470963  036.62509947
120 Linear Feature 77
111  28.36568847  036.62498848 2
115  28.36543014  036.62482584
120 Linear Feature 76
111  28.36616347  036.62611462 2
115  28.36601537  036.62626617
120 Linear Feature 75
111  28.36665583  036.62683480 2
115  28.36653041  036.62696526
120 Linear Feature 74
111  28.36639654  036.62607058 2
111  28.36669191  036.62620408 2
115  28.36672116  036.62646110
120 Linear Feature 72
111  28.36287569  036.63196779 10
112  28.36272691  036.63216052  28.36269760  036.63226045 10
115  28.36270680  036.63242626
120 Linear Feature 71
111  28.36329170  036.63192506 10
115  28.36297151  036.63192919
120 Linear Feature 70
111  28.36321071  036.63168798 10
111  28.36296969  036.63192814 10
111  28.36287712  036.63196585 10
112  28.36265881  036.63194203  28.36255773  036.63189379 10
115  28.36248014  036.63175362
120 Linear Feature 69
111  28.36617275  036.63054346 10
115  28.36591684  036.63078605
120 Linear Feature 68
111  28.36814942  036.63006001 10
112  28.36796393  036.62987524  28.36785528  036.62982834 10
115  28.36771420  036.62987183
120 Linear Feature 67
111  28.36790638  036.62940279 10
112  28.36789543  036.62967253  28.36784826  036.62979123 10
111  28.36771131  036.62987374 10
111  28.36617348  036.63054433 10
115  28.36583186  036.63056100
120 Linear Feature 381
111  28.36972126  036.60208227 25
115  28.37427292  036.59642124
120 Linear Feature 378
111  28.37429328  036.59644997 22
115  28.36991928  036.60189696
120 Linear Feature 373
111  28.37241357  036.62632280 10 101
112  28.37296244  036.62584740  28.37341173  036.62582224 10 101
115  28.37357185  036.62619785
120 Linear Feature 372
111  28.38081996  036.64377918 10 101
112  28.38065073  036.64459186  28.38031609  036.64496134 10 101
115  28.37986990  036.64465344
120 Linear Feature 367
111  28.38188468  036.64635404 10 101
112  28.38178171  036.64618633  28.38170055  036.64608990 10 101
111  28.38166951  036.64608151 10 101
111  28.38103063  036.64558385 10 101
111  28.37966770  036.64449782 10 101
112  28.37863302  036.64347351  28.37812043  036.64280640 10 101
115  28.37799933  036.64244946
120 Linear Feature 366
111  28.37238084  036.62833077 10 101
112  28.37230710  036.62760846  28.37229754  036.62722814 10 101
111  28.37235844  036.62672089 10 101
115  28.37318753  036.62069075
120 Linear Feature 371
111  28.37261914  036.60758025 10 101
112  28.37282816  036.60765354  28.37295416  036.60765101 10 101
115  28.37305332  036.60753743
120 Linear Feature 370
111  28.37262045  036.60807622 10 101
112  28.37270216  036.60782202  28.37269919  036.60766196 10 101
115  28.37261914  036.60758025
120 Linear Feature 369
111  28.37306305  036.60803401 10 101
112  28.37284899  036.60796040  28.37271980  036.60795981 10 101
115  28.37262082  036.60807665
120 Linear Feature 368
111  28.37305387  036.60753803 10 101
112  28.37297901  036.60779917  28.37298716  036.60796175 10 101
115  28.37306329  036.60803347
120 Linear Feature 365
111  28.37117971  036.61935650 10 101
112  28.37096569  036.61960579  28.37092640  036.61974142 10 101
115  28.37099154  036.61993735
120 Linear Feature 364
111  28.37026066  036.61983816 10 101
112  28.37071381  036.61981900  28.37096367  036.61990536 10 101
115  28.37108171  036.62015745
120 Linear Feature 363
111  28.36251165  036.61810194 10 101
111  28.36292509  036.61851764 10 101
111  28.36369754  036.61928811 10 101
112  28.36388965  036.61945064  28.36404709  036.61957598
111  28.36388965  036.61945064
112  28.36388965  036.61945064  28.36390655  036.61946580 10 101
111  28.36403481  036.61956830 10 101
112  28.36415755  036.61959377  28.36423167  036.61957861 10 101
111  28.36425575  036.61945792 10 101
111  28.36429496  036.61928648 10 101
111  28.36451881  036.61840436 10 101
112  28.36455979  036.61825590  28.36458648  036.61817584 10 101
112  28.36469406  036.61796139  28.36477625  036.61781099 10 101
115  28.36494455  036.61763388
120 Linear Feature 362
111  28.37055809  036.61888432 10 101
112  28.37058234  036.61942787  28.37049518  036.61971697 10 101
111  28.37026119  036.61983925 10 101
111  28.36956577  036.62020547 10 101
115  28.36912952  036.62043799
120 Linear Feature 361
111  28.37066632  036.61914886 10 101
112  28.37090025  036.61938742  28.37105778  036.61943530 10 101
111  28.37117915  036.61935666 10 101
111  28.37233587  036.61874657 10 101
115  28.37275145  036.61851186
120 Linear Feature 360
111  28.36856838  036.61312387 10 101
112  28.36831673  036.61326004  28.36817775  036.61326776 10 101
115  28.36803464  036.61316059
120 Linear Feature 359
111  28.36856784  036.61312462 10 101
112  28.36843660  036.61344768  28.36841047  036.61365903 10 101
115  28.36846079  036.61380834
120 Linear Feature 358
111  28.36835479  036.61355820 10 101
111  28.36846519  036.61381912 10 101
111  28.36871351  036.61441359 10 101
111  28.38280173  036.64858697 10 101
112  28.38286214  036.64893736  28.38285139  036.64912952 10 101
111  28.38277589  036.64930090 10 101
111  28.38232744  036.65067515 10 101
112  28.38224601  036.65083325  28.38218197  036.65092424 10 101
111  28.38211823  036.65095081 10 101
115  28.38177812  036.65113718
120 Linear Feature 337
111  28.37221579  036.61015867 10
111  28.37242407  036.61038275 10
115  28.37057383  036.61268404
120 Linear Feature 336
111  28.37082164  036.61192931 10
112  28.37067060  036.61200119  28.37057254  036.61199396
111  28.37067060  036.61200119
112  28.37067060  036.61200119  28.37057254  036.61199700 10
111  28.37053669  036.61195723 10
115  28.37018795  036.61160176
120 Linear Feature 336
111  28.37118018  036.61147907 10
112  28.37102915  036.61155095  28.37093108  036.61154373
111  28.37102915  036.61155095
112  28.37102915  036.61155095  28.37093108  036.61154676 10
111  28.37089523  036.61150699 10
115  28.37054649  036.61115152
120 Linear Feature 336
111  28.37154512  036.61102219 10
112  28.37139409  036.61109407  28.37129602  036.61108684
111  28.37139409  036.61109407
112  28.37139409  036.61109407  28.37129602  036.61108988 10
111  28.37126017  036.61105011 10
115  28.37091144  036.61069463
120 Linear Feature 336
111  28.37190785  036.61056978 10
112  28.37175681  036.61064166  28.37165874  036.61063444
111  28.37175681  036.61064166
112  28.37175681  036.61064166  28.37165874  036.61063747 10
111  28.37162289  036.61059770 10
115  28.37127416  036.61024222
120 Linear Feature 335
111  28.36982237  036.61205131 10 101
112  28.36972663  036.61181965  28.36972752  036.61168319 10
115  28.36980261  036.61158449
120 Linear Feature 333
111  28.37124617  036.60978871 10
112  28.37142815  036.60970249  28.37152208  036.60969642 10
115  28.37162920  036.60978120
120 Linear Feature 332
111  28.37161209  036.60933288 10
112  28.37154727  036.60956009  28.37155367  036.60967897 10
111  28.37163011  036.60978125 10
111  28.37196330  036.61011776 10
112  28.37204139  036.61029897  28.37204288  036.61041270 10
111  28.37200026  036.61045365 10
111  28.37045945  036.61238145 10
112  28.37029397  036.61245801  28.37018792  036.61245277 10
111  28.37012710  036.61236893 10
111  28.36982222  036.61205219 10
112  28.36961025  036.61196934  28.36949996  036.61197844 10
115  28.36939504  036.61209349
120 Linear Feature 308
111  28.37412119  036.60831715 10
112  28.37395243  036.60824241  28.37385824  036.60823832 10
115  28.37377752  036.60831712
120 Linear Feature 308
111  28.37448208  036.60786624 10
112  28.37431332  036.60779151  28.37421913  036.60778741 10
115  28.37413842  036.60786621
120 Linear Feature 307
111  28.37410111  036.60791294 10
112  28.37404715  036.60811809  28.37405487  036.60823802 10
111  28.37412111  036.60831681 10
115  28.37447218  036.60867340
120 Linear Feature 307
111  28.37446183  036.60746144 10
112  28.37440804  036.60766718  28.37441576  036.60778711 10
111  28.37448200  036.60786590 10
115  28.37483307  036.60822249
120 Linear Feature 306
111  28.37462006  036.60726377 10
112  28.37479022  036.60736656  28.37484581  036.60742833
111  28.37479022  036.60736656
112  28.37479022  036.60736656  28.37490696  036.60749924 10
115  28.37487712  036.60758689
120 Linear Feature 305
111  28.37457333  036.60732038 10
112  28.37468121  036.60749828  28.37476215  036.60758320
111  28.37468121  036.60749828
112  28.37468121  036.60749828  28.37479594  036.60761656 10
111  28.37487692  036.60758697 10
115  28.37513799  036.60785008
120 Linear Feature 304
111  28.37501882  036.60658735 10
112  28.37504794  036.60685419  28.37507927  036.60695656 10
111  28.37514542  036.60702227 10
115  28.37549014  036.60739144
120 Linear Feature 303
111  28.37425723  036.60603914 10 101
112  28.37474306  036.60590918  28.37500322  036.60602290 10 101
115  28.37501094  036.60641479
120 Linear Feature 301
111  28.37443797  036.59778907 2
112  28.37460031  036.59784745  28.37471441  036.59785574
111  28.37460031  036.59784745
112  28.37460031  036.59784745  28.37475001  036.59785428 2
115  28.37481058  036.59777318
120 Linear Feature 300
111  28.37407056  036.59741112 2
112  28.37421583  036.59750210  28.37427142  036.59756235 2
111  28.37428625  036.59764362 2
111  28.37443796  036.59778949 2
112  28.37450773  036.59800100  28.37451504  036.59812923
111  28.37450773  036.59800100
112  28.37450773  036.59800100  28.37451628  036.59813906 2
115  28.37447035  036.59819596
120 Linear Feature 297
111  28.37407697  036.59822752 10
112  28.37426869  036.59829654  28.37439437  036.59829508 10
115  28.37446462  036.59820320
120 Linear Feature 296
111  28.37426106  036.59868262 10
112  28.37421187  036.59845437  28.37416709  036.59834087 10
115  28.37407669  036.59822767
120 Linear Feature 295
111  28.37411079  036.59864333 10
112  28.37415053  036.59845368  28.37414682  036.59832900 10
111  28.37407661  036.59822802 10
111  28.37379206  036.59794082 10
112  28.37384256  036.59757942  28.37396085  036.59741162
111  28.37384256  036.59757942
112  28.37384256  036.59757942  28.37392350  036.59747935 10
111  28.37403710  036.59745550 10
115  28.37406860  036.59741409
120 Linear Feature 294
111  28.37403613  036.59873661 10
115  28.37374402  036.59844248
120 Linear Feature 121
111  28.37065578  036.60624264 102
112  28.37071001  036.60596354  28.37070080  036.60581772
111  28.37071001  036.60596354
112  28.37071001  036.60596354  28.37068479  036.60577283 102
111  28.37056527  036.60567766 102
111  28.36934127  036.60440802 102
112  28.37063209  036.60275070  28.37064173  036.60273722 102
112  28.37068540  036.60254194  28.37068170  036.60247526 102
116  28.37060852  036.60234614  28.37058197  036.60230931
120 Linear Feature 120
111  28.37128301  036.60546164 102
112  28.37108906  036.60556680  28.37099024  036.60557873
111  28.37108906  036.60556680
112  28.37108906  036.60556680  28.37094541  036.60561391 102
112  28.37075092  036.60545914  28.37072023  036.60542983
111  28.37075092  036.60545914
112  28.37075092  036.60545914  28.37073791  036.60544668 102
111  28.37020503  036.60488868 102
111  28.37001422  036.60466661 102
112  28.36989767  036.60436815  28.36989945  036.60416497 102
111  28.36997980  036.60405873 102
111  28.37039169  036.60345079 102
111  28.37330604  036.59982382 102
112  28.37381133  036.59929166  28.37381341  036.59928963
111  28.37381133  036.59929166
112  28.37381133  036.59929166  28.37383099  036.59927338 102
112  28.37403528  036.59917701  28.37413440  036.59917942 102
112  28.37427901  036.59924655  28.37441665  036.59932023
111  28.37427901  036.59924655
112  28.37427901  036.59924655  28.37440241  036.59932284 102
112  28.37458169  036.59952087  28.37458722  036.59952618 102
111  28.37494338  036.59989974 102
112  28.37511228  036.60030596  28.37514964  036.60060316 102
115  28.37501168  036.60081822
120 Linear Feature 102
111  28.37441395  036.59913067 10 101
112  28.37426189  036.59873778  28.37425210  036.59848405
111  28.37426189  036.59873778
112  28.37426189  036.59873778  28.37424410  036.59845676 10 101
115  28.37443173  036.59824478
120 Linear Feature 101
111  28.37377101  036.59906607 10 101
112  28.37406730  036.59899474  28.37427059  036.59898467
111  28.37406730  036.59899474
112  28.37406730  036.59899474  28.37428788  036.59900384 10 101
115  28.37441320  036.59913123
120 Linear Feature 100
111  28.37357270  036.60342239 23
115  28.37496573  036.60484626
120 Linear Feature 99
111  28.37194652  036.60175052 25
115  28.37316799  036.60300645
120 Linear Feature 98
111  28.37150946  036.60554692 10 101
111  28.37143238  036.60563958 10 101
112  28.37134788  036.60586374  28.37132781  036.60599127 10 101
112  28.37136381  036.60619335  28.37139779  036.60629654 10 101
115  28.37148283  036.60641418
120 Linear Feature 97
111  28.37074183  036.60651252 10 101
111  28.37080231  036.60643266 10 101
112  28.37098198  036.60631439  28.37108922  036.60627832 10 101
112  28.37128865  036.60631003  28.37137092  036.60632941 10 101
115  28.37148306  036.60641430
120 Linear Feature 96
111  28.36831027  036.61344419 10 101
111  28.36717493  036.61228121 10 101
111  28.36694245  036.61204013 10 101
112  28.36681489  036.61174319  28.36677634  036.61153008 10 101
112  28.36687086  036.61132199  28.36689505  036.61129099
111  28.36687086  036.61132199
112  28.36687086  036.61132199  28.36687497  036.61131848 10 101
115  28.36695853  036.61121497
120 Linear Feature 95
111  28.37741930  036.60210063 10 101
112  28.37748572  036.60182613  28.37747697  036.60164184 10 101
112  28.37734935  036.60154165  28.37733263  036.60152970
111  28.37734935  036.60154165
112  28.37734935  036.60154165  28.37734693  036.60154028 10 101
111  28.37634670  036.60085698 10 101
111  28.37595839  036.60060139 10 101
112  28.37566827  036.60054767  28.37549162  036.60057014 10 101
111  28.37540453  036.60069021 10 101
115  28.37528281  036.60083485
120 Linear Feature 94
111  28.37095896  036.60587752 10
115  28.37125745  036.60618064
120 Linear Feature 93
111  28.37517287  036.59992941 10 101
111  28.37521209  036.59996668 10 101
112  28.37554728  036.60012126  28.37575323  036.60014222 10 101
112  28.37594148  036.59999049  28.37598567  036.59993881
111  28.37594148  036.59999049
112  28.37594148  036.59999049  28.37594363  036.59998805 10 101
115  28.37601225  036.59990243
120 Linear Feature 92
111  28.37403621  036.59873688 10 101
111  28.37503519  036.59977990 10 101
112  28.37516764  036.59992344  28.37516867  036.59992462
111  28.37516764  036.59992344
112  28.37516764  036.59992344  28.37518022  036.59993637 10 101
112  28.37525829  036.60023733  28.37528355  036.60047074 10 101
112  28.37521744  036.60074922  28.37518532  036.60089243 10 101
112  28.37508168  036.60106365  28.37506579  036.60108058
111  28.37508168  036.60106365
112  28.37508168  036.60106365  28.37508019  036.60106506 10 101
115  28.37496174  036.60121119
120 Linear Feature 90
111  28.38001756  036.59459117 10 101
111  28.37957670  036.59413518 10 101
112  28.37926670  036.59389149  28.37906935  036.59376991
111  28.37926670  036.59389149
112  28.37926670  036.59389149  28.37905469  036.59379273 10 101
112  28.37880837  036.59373806  28.37861757  036.59370884
111  28.37880837  036.59373806
112  28.37880837  036.59373806  28.37857167  036.59372583 10 101
112  28.37828405  036.59379439  28.37803865  036.59385235 10 101
111  28.37778607  036.59409314 10 101
111  28.37752827  036.59438926 10 101
111  28.36983478  036.60396717 10 101
112  28.36969093  036.60435494  28.36969400  036.60461346 10 101
111  28.36984365  036.60473439 10 101
111  28.37050721  036.60541400 10 101
115  28.37095895  036.60587754
120 Linear Feature 91
111  28.37125735  036.60618059 10 101
111  28.37170862  036.60664754 10 101
111  28.37283931  036.60780563 10 101
111  28.37344622  036.60842601 10 101
112  28.37357379  036.60847142  28.37365986  036.60846793 10 101
111  28.37370443  036.60840854 10 101
111  28.37491585  036.60689384 10 101
112  28.37498448  036.60676078  28.37502006  036.60665970 10 101
111  28.37501829  036.60658785 10 101
112  28.37496470  036.60543168  28.37496982  036.60534579 10 101
112  28.37501226  036.60516949  28.37505175  036.60505789 10 101
115  28.37513069  036.60494927
120 Linear Feature 89
111  28.36218330  036.61748377 10 101
112  28.36239336  036.61771520  28.36250863  036.61781344
111  28.36239336  036.61771520
112  28.36239336  036.61771520  28.36246914  036.61778676 10 101
112  28.36266617  036.61790150  28.36282601  036.61798359 10 101
112  28.36303850  036.61806718  28.36318451  036.61811784 10 101
112  28.36352391  036.61819144  28.36377879  036.61824239 10 101
112  28.36413783  036.61813388  28.36426013  036.61810356 10 101
112  28.36466258  036.61788121  28.36476486  036.61781467 10 101
111  28.36494484  036.61763361 10 101
111  28.36513243  036.61740230 10 101
111  28.38053214  036.59822386 10 101
112  28.38083721  036.59781007  28.38091282  036.59766685 10 101
112  28.38104941  036.59719136  28.38109424  036.59697300 10 101
112  28.38111278  036.59654299  28.38109741  036.59629144 10 101
111  28.38086519  036.59557202 10 101
112  28.38078661  036.59533281  28.38077168  036.59529596 10 101
112  28.38070167  036.59515437  28.38065287  036.59507083 10 101
112  28.38053936  036.59497829  28.38046063  036.59492434
111  28.38053936  036.59497829
112  28.38053936  036.59497829  28.38042912  036.59491101 10 101
115  28.38031619  036.59490072
120 Linear Feature 111
111  28.37078643  036.60212604 10
112  28.37100118  036.60225529  28.37114283  036.60227764
111  28.37100118  036.60225529
112  28.37100118  036.60225529  28.37115773  036.60228920 10
115  28.37129713  036.60214674
120 Linear Feature 111
111  28.37115353  036.60166788 10
112  28.37136827  036.60179713  28.37150993  036.60181948
111  28.37136827  036.60179713
112  28.37136827  036.60179713  28.37152482  036.60183104 10
115  28.37166506  036.60168844
120 Linear Feature 111
111  28.37152079  036.60120968 10
112  28.37173554  036.60133893  28.37187719  036.60136128
111  28.37173554  036.60133893
112  28.37173554  036.60133893  28.37189208  036.60137284 10
115  28.37203268  036.60123079
120 Linear Feature 111
111  28.37189341  036.60074427 10
112  28.37210816  036.60087352  28.37224981  036.60089587
111  28.37210816  036.60087352
112  28.37210816  036.60087352  28.37226471  036.60090743 10
115  28.37240602  036.60076620
120 Linear Feature 111
111  28.37369999  036.59849088 10
112  28.37391474  036.59862014  28.37405639  036.59864249
111  28.37391474  036.59862014
112  28.37391474  036.59862014  28.37407129  036.59865405 10
115  28.37421439  036.59851461
120 Linear Feature 111
111  28.37334532  036.59893498 10
112  28.37356007  036.59906424  28.37370172  036.59908658
111  28.37356007  036.59906424
112  28.37356007  036.59906424  28.37370889  036.59908878 10
115  28.37377264  036.59906491
120 Linear Feature 111
111  28.37298408  036.59938714 10
112  28.37319811  036.59951517  28.37333976  036.59953752
111  28.37319811  036.59951517
112  28.37319811  036.59951517  28.37335465  036.59954907 10
115  28.37349586  036.59940787
120 Linear Feature 111
111  28.37262443  036.59983367 10
112  28.37283917  036.59996292  28.37298083  036.59998527
111  28.37283917  036.59996292
112  28.37283917  036.59996292  28.37299572  036.59999683 10
115  28.37313693  036.59985563
120 Linear Feature 111
111  28.37226162  036.60028584 10
112  28.37247637  036.60041510  28.37261802  036.60043744
111  28.37247637  036.60041510
112  28.37247637  036.60041510  28.37263291  036.60044900 10
115  28.37277412  036.60030780
120 Linear Feature 110
111  28.37086835  036.60202431 10
112  28.37100527  036.60225871  28.37104233  036.60242452
111  28.37100527  036.60225871
112  28.37100527  036.60225871  28.37104233  036.60242803 10
115  28.37094568  036.60258444
120 Linear Feature 110
111  28.37123544  036.60156614 10
112  28.37137237  036.60180055  28.37140943  036.60196636
111  28.37137237  036.60180055
112  28.37137237  036.60180055  28.37140943  036.60196987 10
115  28.37131233  036.60212791
120 Linear Feature 110
111  28.37160270  036.60110794 10
112  28.37173963  036.60134235  28.37177669  036.60150816
111  28.37173963  036.60134235
112  28.37173963  036.60134235  28.37177669  036.60151167 10
115  28.37168055  036.60166985
120 Linear Feature 110
111  28.37197533  036.60064254 10
112  28.37211225  036.60087695  28.37214931  036.60104276
111  28.37211225  036.60087695
112  28.37211225  036.60087695  28.37214931  036.60104627 10
115  28.37205318  036.60120444
120 Linear Feature 110
111  28.37378191  036.59838915 10
112  28.37391884  036.59862356  28.37395590  036.59878938
111  28.37391884  036.59862356
112  28.37391884  036.59862356  28.37395590  036.59879289 10
115  28.37386249  036.59895248
120 Linear Feature 110
111  28.37342723  036.59883325 10
112  28.37356416  036.59906766  28.37360122  036.59923347
111  28.37356416  036.59906766
112  28.37356416  036.59906766  28.37360122  036.59923698 10
115  28.37350937  036.59939321
120 Linear Feature 110
111  28.37306585  036.59928478 10
112  28.37320220  036.59951859  28.37323926  036.59968440
111  28.37320220  036.59951859
112  28.37320220  036.59951859  28.37323926  036.59968791 10
115  28.37314312  036.59984609
120 Linear Feature 110
111  28.37270634  036.59973193 10
112  28.37284327  036.59996634  28.37288033  036.60013216
111  28.37284327  036.59996634
112  28.37284327  036.59996634  28.37288033  036.60013567 10
115  28.37278419  036.60029385
120 Linear Feature 110
111  28.37234353  036.60018411 10
112  28.37248046  036.60041852  28.37251752  036.60058433
111  28.37248046  036.60041852
112  28.37248046  036.60041852  28.37251752  036.60058784 10
115  28.37242138  036.60074602
120 Linear Feature 109
112  28.37070845  036.60195651  28.37070965  036.60196521 60
112  28.37074323  036.60206027  28.37076111  036.60209440 60
115  28.37078642  036.60212618
120 Linear Feature 109
112  28.37107555  036.60149835  28.37107674  036.60150705 60
112  28.37111033  036.60160211  28.37112820  036.60163624 60
115  28.37115351  036.60166802
120 Linear Feature 109
112  28.37144281  036.60104015  28.37144401  036.60104885 60
112  28.37147759  036.60114391  28.37149546  036.60117804 60
115  28.37152078  036.60120982
120 Linear Feature 109
112  28.37181543  036.60057474  28.37181663  036.60058344 60
112  28.37185021  036.60067850  28.37186809  036.60071263 60
115  28.37189340  036.60074441
120 Linear Feature 109
112  28.37362202  036.59832135  28.37362321  036.59833006 60
112  28.37365679  036.59842511  28.37367467  036.59845924 60
115  28.37369998  036.59849103
120 Linear Feature 109
112  28.37326734  036.59876545  28.37326854  036.59877415 60
112  28.37330212  036.59886921  28.37331999  036.59890334 60
115  28.37334531  036.59893513
120 Linear Feature 109
112  28.37290538  036.59921638  28.37290658  036.59922509 60
112  28.37294016  036.59932015  28.37295803  036.59935427 60
115  28.37298418  036.59938742
120 Linear Feature 109
112  28.37254645  036.59966413  28.37254765  036.59967284 60
112  28.37258123  036.59976790  28.37259910  036.59980203 60
115  28.37262441  036.59983381
120 Linear Feature 109
112  28.37218364  036.60011631  28.37218484  036.60012501 60
112  28.37221842  036.60022007  28.37223629  036.60025420 60
115  28.37226160  036.60028598
120 Linear Feature 108
112  28.37071072  036.60195395  28.37071515  036.60195382 60
112  28.37079838  036.60198097  28.37083561  036.60199823 60
115  28.37086830  036.60202436
120 Linear Feature 108
112  28.37107781  036.60149579  28.37108224  036.60149565 60
112  28.37116547  036.60152281  28.37120271  036.60154007 60
115  28.37123539  036.60156620
120 Linear Feature 108
112  28.37144508  036.60103759  28.37144951  036.60103745 60
112  28.37153274  036.60106461  28.37156997  036.60108187 60
115  28.37160265  036.60110800
120 Linear Feature 108
112  28.37181770  036.60057218  28.37182213  036.60057204 60
112  28.37190536  036.60059920  28.37194259  036.60061647 60
115  28.37197528  036.60064259
120 Linear Feature 108
112  28.37362428  036.59831879  28.37362871  036.59831865 60
112  28.37371194  036.59834581  28.37374918  036.59836308 60
115  28.37378186  036.59838920
120 Linear Feature 108
112  28.37326961  036.59876289  28.37327404  036.59876275 60
112  28.37335727  036.59878991  28.37339450  036.59880718 60
115  28.37342718  036.59883330
120 Linear Feature 108
112  28.37290765  036.59921382  28.37291208  036.59921369 60
112  28.37299531  036.59924084  28.37303254  036.59925811 60
115  28.37306591  036.59928487
120 Linear Feature 108
112  28.37254871  036.59966158  28.37255314  036.59966144 60
112  28.37263637  036.59968860  28.37267361  036.59970586 60
115  28.37270629  036.59973198
120 Linear Feature 108
112  28.37218591  036.60011375  28.37219034  036.60011362 60
112  28.37227357  036.60014077  28.37231080  036.60015804 60
115  28.37234348  036.60018416
120 Linear Feature 107
111  28.37071031  036.60195623 60
115  28.37026657  036.60150116
120 Linear Feature 107
111  28.37107740  036.60149807 60
115  28.37063354  036.60104398
120 Linear Feature 107
111  28.37144467  036.60103987 60
115  28.37100236  036.60058676
120 Linear Feature 107
111  28.37181729  036.60057447 60
115  28.37137498  036.60012135
120 Linear Feature 107
111  28.37362387  036.59832108 60
115  28.37318156  036.59786795
120 Linear Feature 107
111  28.37326920  036.59876517 60
115  28.37282689  036.59831205
120 Linear Feature 107
111  28.37290724  036.59921611 60
115  28.37246493  036.59876298
120 Linear Feature 107
111  28.37254830  036.59966386 60
115  28.37210600  036.59921074
120 Linear Feature 107
111  28.37218550  036.60011603 60
115  28.37174319  036.59966292
120 Linear Feature 293
111  28.36220065  036.61857637 104
115  28.36232985  036.61857461
120 Linear Feature 292
111  28.36241652  036.61821567 104
115  28.36277852  036.61776082
120 Linear Feature 291
111  28.36710733  036.61237012 104
115  28.36726532  036.61217960
120 Linear Feature 290
111  28.37161883  036.60675580 104
115  28.37180697  036.60654274
120 Linear Feature 289
111  28.37626650  036.60096564 104
115  28.37641103  036.60077118
120 Linear Feature 288
111  28.38064101  036.59552091 104
115  28.38087887  036.59522021
120 Linear Feature 339
111  28.37024058  036.61163668 10
115  28.37022329  036.61165679
120 Linear Feature 339
111  28.37060223  036.61119011 10
115  28.37058585  036.61120991
120 Linear Feature 339
111  28.37096829  036.61073628 10
115  28.37095275  036.61075517
120 Linear Feature 339
111  28.37133129  036.61028171 10
115  28.37131516  036.61030263
120 Linear Feature 1
111  28.37010182  036.60154743 22
115  28.37413610  036.59652661
21  28.37733896  036.59748751 3 132.0700 3.00 New Light Fixture 111
21  28.37802767  036.59819243 2 132.6500 3.00 New Light Fixture 110
21  28.36508706  036.61430138 3 312.1300 3.00 New Light Fixture 109
21  28.36440717  036.61359758 2 310.8300 3.00 New Light Fixture 108
14  28.37105040  036.61402194 114.83 0 Tower Viewpoint
1300  28.37323754  036.62007833 154.41 tie_down props|fighters New Ramp Start 166
1301 B military 
1300  28.37329017  036.62021985 154.90 tie_down props|fighters New Ramp Start 165
1301 B military 
1300  28.37445269  036.60865419  42.75 tie_down heavy|jets|turboprops|props A4
1301 E military 
1300  28.37480993  036.60819962  41.74 tie_down heavy|jets|turboprops|props A3
1301 E military 
1300  28.37511567  036.60782869  42.92 tie_down heavy|jets|turboprops|props A2
1301 E military 
1300  28.37547127  036.60737106  43.47 tie_down heavy|jets|turboprops|props A1
1301 E military 
1300  28.37132315  036.61029203 222.08 tie_down heavy|jets|turboprops|props D4
1301 E military 
1300  28.37096124  036.61074486 221.70 tie_down heavy|jets|turboprops|props D3
1301 E military 
1300  28.37059381  036.61119956 221.81 tie_down heavy|jets|turboprops|props D2
1301 E military 
1300  28.37023188  036.61164664 221.97 tie_down heavy|jets|turboprops|props D1
1301 E military 
1300  28.37406246  036.59742296 309.47 tie_down heavy|jets Ramp B1
1301 E airline 
1300  28.37041280  036.60165128 221.75 tie_down heavy|jets|turboprops|props 9
1301 D airline 
1300  28.37078157  036.60119407 221.75 tie_down heavy|jets 8
1301 D airline 
1300  28.37114847  036.60073626 221.75 tie_down heavy|jets 7
1301 D airline 
1300  28.37152078  036.60027072 221.75 tie_down heavy|jets 6
1301 D airline 
1300  28.37188699  036.59981023 221.75 tie_down heavy|jets 5
1301 D airline 
1300  28.37332638  036.59801589 221.75 tie_down heavy|jets 4
1301 D airline sva
1300  28.37297195  036.59846063 221.75 gate heavy|jets 3
1301 D airline 
1300  28.37260956  036.59891116 221.75 tie_down heavy|jets 2
1301 D airline sva
1300  28.37225160  036.59935986 221.75 gate heavy|jets 1
1301 D airline sva
19  28.37170445  036.60731140 0 New Windsock
1055 119700 TABUK Approach
1055 124500 TABUK Approach
1050 128200 TABUK ATIS
1052 128750 TABUK Clearance
1053 126300 TABUK Ground
1054 125900 TABUK Tower
1000 North/Standard
1001 OETB 220 040 999
1002 OETB 0
1003 OETB 0.0
1101 31 right
1110 31 133000 arrivals|departures heavy|jets|turboprops|props 000000 000000 Arr,Dep Rwy 31
1000 South/Standard
1002 OETB 0
1003 OETB 0.0
1101 13 left
1110 13 133000 arrivals|departures heavy|jets|turboprops|props 000000 000000 Arr,Dep Rwy 13
1200 
1201  28.36603285  036.60624394 both 0 _stop
1201  28.36593871  036.60622401 both 1 _stop
1201  28.36580631  036.60609811 both 2 _stop
1201  28.36572939  036.60591810 both 3 _stop
1201  28.36575154  036.60573892 both 4 _stop
1201  28.36586491  036.60556714 both 5 _stop
1201  28.36594961  036.60546200 both 6 _stop
1201  28.36603952  036.60541461 both 7 _stop
1201  28.36616592  036.60542794 both 8 _stop
1201  28.36633040  036.60630199 both 9 _stop
1201  28.36626916  036.60635678 both 10 _stop
1201  28.36620531  036.60635678 both 11 _stop
1201  28.36615058  036.60631384 both 12 _stop
1201  28.36609505  036.60625612 both 13 _stop
1201  28.36608643  036.60618769 both 14 _stop
1201  28.36611410  036.60613021 both 15 _stop
1201  28.36643986  036.60572297 both 16 _stop
1201  28.36962797  036.60074919 both 17 _stop
1201  28.36707555  036.60236067 both 18 _stop
1201  28.36677263  036.60321180 both 19 _stop
1201  28.36699936  036.60295236 both 20 _stop
1201  28.36707285  036.60293636 both 21 _stop
1201  28.36717762  036.60287950 both 22 _stop
1201  28.36760164  036.60330609 both 23 _stop
1201  28.36759802  036.60328141 both 24 _stop
1201  28.36768460  036.60320588 both 25 _stop
1201  28.37317453  036.59824758 both 26 _stop
1201  28.37339713  036.59845491 both 27 _stop
1201  28.37360861  036.59858072 both 28 _stop
1201  28.37057138  036.60238967 both 29 _stop
1201  28.37291431  036.59487496 both 30 _stop
1201  28.37432595  036.59636450 both 31 _stop
1201  28.37338107  036.59753104 both 32 _stop
1201  28.36996185  036.60178293 both 33 _stop
1201  28.37137396  036.60002513 both 34 _stop
1201  28.37303771  036.59795879 both 35 _stop
1201  28.36644868  036.60615819 both 36 _start
1201  28.36663923  036.60591845 both 37 _start
1201  28.36822369  036.60394263 both 38 _start
1201  28.36830538  036.60384207 both 39 _start
1201  28.36845548  036.60365668 both 40 _start
1201  28.37086638  036.59949867 both 41 _stop
1201  28.37081643  036.59944807 both 42 _stop
1201  28.37074911  036.59941475 both 43 _stop
1201  28.37068287  036.59942092 both 44 _stop
1201  28.37063818  036.59945878 both 45 _stop
1201  28.36994023  036.60032975 both 46 _stop
1201  28.36775770  036.59808614 both 47 _stop
1201  28.36555669  036.60081497 both 48 _stop
1201  28.36544924  036.60096091 both 49 _stop
1201  28.36762749  036.60319200 both 50 _stop
1201  28.36729020  036.60284573 both 51 _stop
1201  28.36696348  036.60251171 both 52 _stop
1201  28.36780731  036.60297579 both 53 _stop
1201  28.37228622  036.65594808 both 54 C_stop
1201  28.37261730  036.65615846 both 55 C_stop
1201  28.37318750  036.65642526 both 56 C_stop
1201  28.37343193  036.65652498 both 57 C_stop
1201  28.37386005  036.65665075 both 58 C_stop
1201  28.37433637  036.65677184 both 59 C_stop
1201  28.37475003  036.65683595 both 60 C_stop
1201  28.37538868  036.65684890 both 61 C_stop
1201  28.37585438  036.65682911 both 62 C_stop
1201  28.37622138  036.65677494 both 63 C_stop
1201  28.37656609  036.65670370 both 64 C_stop
1201  28.37691677  036.65661826 both 65 C_stop
1201  28.37728033  036.65649657 both 66 C_stop
1201  28.37825096  036.65603199 both 67 C_stop
1201  28.37872285  036.65572269 both 68 C_stop
1201  28.37921903  036.65532695 both 69 C_stop
1201  28.37962815  036.65493121 both 70 C_stop
1201  28.38001811  036.65443724 both 71 C_stop
1201  28.38066009  036.65337779 both 72 C_stop
1201  28.38109330  036.65188926 both 73 C_start
1201  28.37047018  036.65157565 both 74 C_stop
1201  28.37048831  036.65104803 both 75 C_stop
1201  28.37064790  036.65040087 both 76 C_stop
1201  28.37089142  036.64986780 both 77 C_stop
1201  28.37115860  036.64948369 both 78 C_stop
1201  28.37153294  036.64913229 both 79 C_stop
1201  28.37186662  036.64891794 both 80 C_stop
1201  28.37230943  036.64873956 both 81 C_stop
1201  28.37282895  036.64863443 both 82 C_stop
1201  28.37327812  036.64864630 both 83 C_stop
1201  28.37383393  036.64877986 both 84 C_stop
1201  28.38085874  036.65134397 both 85 C_start
1201  28.36457988  036.63547820 both 86 C_stop
1201  28.36879126  036.63365473 both 87 C_stop
1201  28.36899582  036.63349150 both 88 C_stop
1201  28.36912204  036.63326397 both 89 C_stop
1201  28.36917862  036.63297214 both 90 C_stop
1201  28.36913945  036.63273472 both 91 C_stop
1201  28.36732543  036.62781331 both 92 C_stop
1201  28.36448157  036.61805846 both 93 C_stop
1201  28.36454873  036.61814433 both 94 C_stop
1201  28.36471665  036.61792488 both 95 C_stop
1201  28.36456133  036.61824689 both 96 C_stop
1201  28.38022358  036.64477193 both 97 M_stop
1201  28.38040997  036.64473757 both 98 M_stop
1201  28.38062658  036.64461161 both 99 M_stop
1201  28.38079030  036.64437972 both 100 M_stop
1201  28.38086334  036.64411348 both 101 M_stop
1201  28.38180538  036.65112343 both 102 M_stop
1201  28.38215720  036.65091731 both 103 M_stop
1201  28.37830299  036.64299521 both 104 M_stop
1201  28.37851335  036.64330851 both 105 M_stop
1201  28.37883350  036.64370918 both 106 M_stop
1201  28.37922885  036.64412555 both 107 M_stop
1201  28.37968585  036.64450068 both 108 M_stop
1201  28.37997903  036.64473681 both 109 M_stop
1201  28.37256968  036.62606000 both 110 M_stop
1201  28.37280180  036.62589099 both 111 M_stop
1201  28.37310284  036.62585389 both 112 M_stop
1201  28.37476905  036.62626202 both 113 M_stop
1201  28.37496005  036.62631927 both 114 M_stop
1201  28.37644896  036.63140534 both 115 M_stop
1201  28.37690996  036.63117322 both 116 M_stop
1201  28.37742285  036.63089903 both 117 M_stop
1201  28.37613329  036.62775423 both 118 M_stop
1201  28.37595180  036.62750047 both 119 M_stop
1201  28.37573074  036.62737919 both 120 M_stop
1201  28.37533222  036.62758893 both 121 M_stop
1201  28.37544378  036.62752824 both 122 M_stop
1201  28.37245499  036.62874849 both 123 M_stop
1201  28.37236271  036.62823410 both 124 M_stop
1201  28.37231435  036.62756426 both 125 M_stop
1201  28.37234696  036.62671756 both 126 M_stop
1201  28.37319405  036.62067135 both 127 M_start
1201  28.36957043  036.62020707 both 128 M_stop
1201  28.37025049  036.61984639 both 129 M_stop
1201  28.37209335  036.61887431 both 130 M_stop
1201  28.37233385  036.61874841 both 131 M_start
1201  28.38225046  036.65081612 both 132 M_stop
1201  28.38232880  036.65068750 both 133 M_stop
1201  28.38290840  036.64887280 both 134 M_stop
1201  28.36870129  036.61439473 both 135 M_stop
1201  28.37082411  036.61954207 both 136 M_stop
1201  28.37270882  036.62411124 both 137 M_stop
1201  28.37241372  036.62629496 both 138 M_stop
1201  28.37346952  036.62594994 both 139 M_stop
1201  28.37435546  036.62810228 both 140 M_stop
1201  28.37584941  036.63172624 both 141 M_stop
1201  28.38080037  036.64372987 both 142 M_stop
1201  28.38181276  036.64619295 both 143 M_stop
1201  28.36673369  036.61182213 both 144 A_stop
1201  28.36717223  036.61228408 both 145 A_stop
1201  28.36222488  036.61756724 both 146 A_stop
1201  28.38034379  036.59486905 both 147 A_stop
1201  28.38061506  036.59507288 both 148 A_stop
1201  28.37170392  036.60664159 both 149 A_stop
1201  28.37125779  036.60617991 both 150 A_stop
1201  28.37634078  036.60085522 both 151 A_stop
1201  28.37595994  036.60059964 both 152 A_stop
1201  28.37581486  036.60050070 both 153 A_stop
1201  28.36266747  036.61790487 both 154 A_stop
1201  28.36302110  036.61806974 both 155 A_stop
1201  28.36344749  036.61818470 both 156 A_stop
1201  28.36372161  036.61821613 both 157 A_stop
1201  28.36406326  036.61816518 both 158 A_stop
1201  28.36436583  036.61804052 both 159 A_stop
1201  28.36472626  036.61783645 both 160 A_stop
1201  28.36456767  036.61793848 both 161 A_stop
1201  28.36496806  036.61760354 both 162 A_stop
1201  28.38077569  036.59791709 both 163 A_stop
1201  28.37767914  036.60177448 both 164 A_stop
1201  28.37283902  036.60780140 both 165 A_stop
1201  28.36830777  036.61344099 both 166 A_stop
1201  28.38097939  036.59746000 both 167 A_stop
1201  28.38111518  036.59687826 both 168 A_stop
1201  28.38110996  036.59644491 both 169 A_stop
1201  28.38078614  036.59533484 both 170 A_start
1201  28.37095897  036.60587768 both 171 B_stop
1201  28.37549227  036.60023643 both 172 B_stop
1201  28.37514071  036.59989169 both 173 B_stop
1201  28.37522049  036.60005188 both 174 B_stop
1201  28.37526836  036.60036319 both 175 B_stop
1201  28.37521517  036.60075007 both 176 B_stop
1201  28.38001634  036.59458741 both 177 B_stop
1201  28.37503437  036.59978062 both 178 B_stop
1201  28.37407026  036.66070967 both 179 _stop
1201  28.38160184  036.65123492 both 180 _stop
1201  28.36201907  036.61734682 both 181 _stop
1201  28.36382774  036.63583481 both 182 _start
1201  28.37059676  036.65227327 both 183 _start
1201  28.37193140  036.65551901 both 184 _start
1201  28.36894930  036.62053259 both 185 _start
1201  28.37269628  036.62961296 both 186 _start
1201  28.37802371  036.64255412 both 187 _start
1201  28.38017374  036.59474049 both 188 _start
1201  28.37564436  036.60038287 both 189 _start
1201  28.37508487  036.60107952 both 190 _start
1201  28.37110671  036.60603089 both 191 _start
1201  28.36658256  036.61166183 both 192 _start
1201  28.37049993  036.60540764 both 193 B_stop
1201  28.36975956  036.60462063 both 194 B_stop
1201  28.36969893  036.60442478 both 195 B_stop
1201  28.36970212  036.60423982 both 196 B_stop
1201  28.36979148  036.60402584 both 197 B_stop
1201  28.37756764  036.59433342 both 198 B_stop
1201  28.37403993  036.59874071 both 199 B_stop
1201  28.37789161  036.59399306 both 200 B_stop
1201  28.37831898  036.59377893 both 201 B_stop
1201  28.37883366  036.59373192 both 202 B_stop
1201  28.37928861  036.59390427 both 203 B_stop
1201  28.37956433  036.59412886 both 204 B_start
1201  28.36452006  036.61840608 both 205 C_stop
1201  28.36429519  036.61928814 both 206 C_stop
1201  28.36419726  036.61968383 both 207 C_stop
1201  28.36384081  036.62111447 both 208 C_stop
1201  28.36369936  036.62148131 both 209 C_stop
1201  28.36352889  036.62179456 both 210 C_stop
1201  28.36329002  036.62208071 both 211 C_stop
1201  28.36305514  036.62232025 both 212 C_stop
1201  28.36278402  036.62253890 both 213 C_stop
1201  28.36853007  036.62086125 both 214 C_stop
1201  28.36836903  036.62107889 both 215 C_stop
1201  28.36766392  036.62297972 both 216 C_stop
1201  28.36634562  036.62655145 both 217 C_stop
1201  28.36618965  036.62695951 both 218 C_stop
1201  28.36596115  036.62733872 both 219 C_stop
1201  28.36561331  036.62774422 both 220 C_stop
1201  28.36536522  036.62796185 both 221 C_stop
1201  28.36494433  036.62822360 both 222 C_stop
1201  28.36450204  036.62837198 both 223 C_stop
1201  28.36389057  036.62844587 both 224 C_stop
1201  28.36329680  036.62839521 both 225 C_stop
1201  28.36267503  036.62818943 both 226 C_stop
1201  28.36235383  036.62804469 both 227 C_stop
1201  28.36192988  036.62777299 both 228 C_stop
1201  28.36159943  036.62753655 both 229 C_stop
1201  28.36125594  036.62719136 both 230 C_stop
1201  28.36097116  036.62686527 both 231 C_stop
1201  28.36063940  036.62631707 both 232 C_stop
1201  28.36046456  036.62588166 both 233 C_stop
1201  28.36036179  036.62542484 both 234 C_stop
1201  28.36036179  036.62500924 both 235 C_stop
1201  28.36039806  036.62473103 both 236 C_stop
1201  28.36045549  036.62450434 both 237 C_stop
1201  28.36055826  036.62423644 both 238 C_stop
1201  28.36068520  036.62400288 both 239 C_stop
1201  28.36083935  036.62378649 both 240 C_stop
1201  28.36100559  036.62360788 both 241 C_stop
1201  28.36127156  036.62340180 both 242 C_stop
1201  28.36174686  036.62313393 both 243 C_stop
1201  28.36241214  036.62275531 both 244 C_stop
1201  28.36226645  036.61856934 both 245 C_stop
1201  28.38141215  036.65132642 both 246 M_stop
1201  28.38106798  036.65151418 both 247 C_stop
1202 54 184 twoway taxiway_B C
1204 departure 06R,24L
1204 arrival 06R,24L
1202 55 54 twoway taxiway_B C
1204 departure 06R,24L
1204 arrival 06R,24L
1202 56 55 twoway taxiway_B C
1204 departure 06R,24L
1204 arrival 06R,24L
1202 57 56 twoway taxiway_B C
1202 58 57 twoway taxiway_B C
1202 59 58 twoway taxiway_B C
1202 60 59 twoway taxiway_B C
1202 61 60 twoway taxiway_B C
1202 62 61 twoway taxiway_B C
1202 63 62 twoway taxiway_B C
1202 64 63 twoway taxiway_B C
1202 65 64 twoway taxiway_B C
1202 66 65 twoway taxiway_B C
1202 67 66 twoway taxiway_B C
1202 68 67 twoway taxiway_B C
1202 69 68 twoway taxiway_B C
1202 70 69 twoway taxiway_B C
1202 71 70 twoway taxiway_B C
1202 72 71 twoway taxiway_B C
1202 73 72 twoway taxiway_B C
1202 74 183 twoway taxiway_B C
1204 departure 06R,24L
1204 arrival 06R,24L
1202 75 74 twoway taxiway_B C
1204 departure 06R,24L
1204 arrival 06R,24L
1202 76 75 twoway taxiway_B C
1204 departure 06R,24L
1204 arrival 06R,24L
1202 77 76 twoway taxiway_B C
1202 78 77 twoway taxiway_B C
1202 79 78 twoway taxiway_B C
1202 80 79 twoway taxiway_B C
1202 81 80 twoway taxiway_B C
1202 82 81 twoway taxiway_B C
1202 83 82 twoway taxiway_B C
1202 84 83 twoway taxiway_B C
1202 85 84 twoway taxiway_B C
1202 86 182 twoway taxiway_B C
1204 departure 06R,24L
1204 arrival 06R,24L
1202 87 86 twoway taxiway_B C
1202 88 87 twoway taxiway_B C
1202 89 88 twoway taxiway_B C
1202 90 89 twoway taxiway_B C
1202 91 90 twoway taxiway_B C
1202 92 91 twoway taxiway_B C
1202 217 92 twoway taxiway_B C
1202 212 217 twoway taxiway_B C
1202 93 159 twoway taxiway_B C
1202 94 93 twoway taxiway_B C
1202 96 94 twoway taxiway_B C
1202 95 162 twoway taxiway_B C
1202 96 95 twoway taxiway_B C
1202 205 96 twoway taxiway_B C
1202 97 109 twoway taxiway_E M
1202 98 97 twoway taxiway_E M
1202 99 98 twoway taxiway_E M
1202 100 99 twoway taxiway_E M
1202 101 100 twoway taxiway_E M
1202 142 101 twoway taxiway_E M
1202 102 180 twoway taxiway_E M
1204 departure 06L,24R
1204 arrival 06L,24R
1202 103 102 twoway taxiway_E M
1204 departure 06L,24R
1204 arrival 06L,24R
1202 132 103 twoway taxiway_E M
1204 departure 06L,24R
1204 arrival 06L,24R
1202 104 187 twoway taxiway_E M
1204 departure 06L,24R
1204 arrival 06L,24R
1202 105 104 twoway taxiway_E M
1204 departure 06L,24R
1204 arrival 06L,24R
1202 106 105 twoway taxiway_E M
1204 departure 06L,24R
1204 arrival 06L,24R
1202 107 106 twoway taxiway_E M
1204 departure 06L,24R
1204 arrival 06L,24R
1202 108 107 twoway taxiway_E M
1204 departure 06L,24R
1204 arrival 06L,24R
1202 109 108 twoway taxiway_E M
1202 143 109 twoway taxiway_E M
1202 110 138 twoway taxiway_E M
1202 111 110 twoway taxiway_E M
1202 112 111 twoway taxiway_E M
1202 139 112 twoway taxiway_E M
1202 113 139 twoway taxiway_E M
1202 114 113 twoway taxiway_E M
1202 122 114 twoway taxiway_E M
1202 116 122 twoway taxiway_E M
1202 115 141 twoway taxiway_E M
1202 116 115 twoway taxiway_E M
1202 117 116 twoway taxiway_E M
1202 118 117 twoway taxiway_E M
1202 119 118 twoway taxiway_E M
1202 120 119 twoway taxiway_E M
1202 121 122 twoway taxiway_E M
1202 122 120 twoway taxiway_E M
1202 140 121 twoway taxiway_E M
1202 123 186 twoway taxiway_E M
1204 departure 06L,24R
1204 arrival 06L,24R
1202 124 123 twoway taxiway_E M
1204 departure 06L,24R
1204 arrival 06L,24R
1202 125 124 twoway taxiway_E M
1204 departure 06L,24R
1204 arrival 06L,24R
1202 126 125 twoway taxiway_E M
1204 departure 06L,24R
1204 arrival 06L,24R
1202 137 138 twoway taxiway_E M
1202 138 126 twoway taxiway_E M
1202 127 137 twoway taxiway_E M
1202 128 185 twoway taxiway_E M
1204 departure 06L,24R
1204 arrival 06L,24R
1202 129 128 twoway taxiway_E M
1202 136 129 twoway taxiway_E M
1202 130 136 twoway taxiway_E M
1202 131 130 twoway taxiway_E M
1202 133 132 twoway taxiway_E M
1202 134 133 twoway taxiway_E M
1202 135 136 twoway taxiway_E M
1202 136 137 twoway taxiway_E M
1202 137 139 twoway taxiway_E M
1202 139 140 twoway taxiway_E M
1202 140 141 twoway taxiway_E M
1202 141 142 twoway taxiway_E M
1202 142 143 twoway taxiway_E M
1202 143 134 twoway taxiway_E M
1202 166 135 twoway taxiway_E M
1202 144 192 twoway taxiway_E A2
1204 departure 13,31
1204 arrival 13,31
1202 145 144 twoway taxiway_E A2
1204 departure 13,31
1204 arrival 13,31
1202 166 145 twoway taxiway_E A2
1202 146 181 twoway taxiway_E A1
1204 departure 13,31
1204 arrival 13,31
1202 154 146 twoway taxiway_E A1
1204 departure 13,31
1204 arrival 13,31
1202 147 188 twoway taxiway_E A5
1204 departure 13,31
1204 arrival 13,31
1202 148 147 twoway taxiway_E A5
1204 departure 13,31
1204 arrival 13,31
1202 170 148 twoway taxiway_E A5
1204 departure 13,31
1204 arrival 13,31
1202 149 165 twoway taxiway_E A3
1202 150 149 twoway taxiway_E A3
1204 departure 13,31
1204 arrival 13,31
1202 191 150 twoway taxiway_E A3
1204 departure 13,31
1204 arrival 13,31
1202 151 164 twoway taxiway_E A4
1202 152 151 twoway taxiway_E A4
1204 departure 13,31
1204 arrival 13,31
1202 153 152 twoway taxiway_E A4
1204 departure 13,31
1204 arrival 13,31
1202 189 153 twoway taxiway_E A4
1204 departure 13,31
1204 arrival 13,31
1202 155 154 twoway taxiway_E A
1202 156 155 twoway taxiway_E A
1202 157 156 twoway taxiway_E A
1202 158 157 twoway taxiway_E A
1202 159 158 twoway taxiway_E A
1202 160 161 twoway taxiway_E A
1202 161 159 twoway taxiway_E A
1202 162 160 twoway taxiway_E A
1202 163 164 twoway taxiway_E A
1202 164 165 twoway taxiway_E A
1202 165 166 twoway taxiway_E A
1202 166 162 twoway taxiway_E A
1202 167 163 twoway taxiway_E A
1202 168 167 twoway taxiway_E A
1202 169 168 twoway taxiway_E A
1202 170 169 twoway taxiway_E A5
1202 171 191 twoway taxiway_E B1
1204 departure 13,31
1204 arrival 13,31
1202 193 171 twoway taxiway_E B1
1204 departure 13,31
1204 arrival 13,31
1202 172 189 twoway taxiway_E B2
1204 departure 13,31
1204 arrival 13,31
1202 173 172 twoway taxiway_E B2
1204 departure 13,31
1204 arrival 13,31
1202 173 178 twoway taxiway_E B2
1204 departure 13,31
1204 arrival 13,31
1202 174 173 twoway taxiway_E B2
1204 departure 13,31
1204 arrival 13,31
1202 175 174 twoway taxiway_E B2
1204 departure 13,31
1204 arrival 13,31
1202 176 175 twoway taxiway_E B2
1204 departure 13,31
1204 arrival 13,31
1202 190 176 twoway taxiway_E B2
1204 departure 13,31
1204 arrival 13,31
1202 177 188 twoway taxiway_E B3
1204 departure 13,31
1204 arrival 13,31
1202 204 177 twoway taxiway_E B3
1204 departure 13,31
1204 arrival 13,31
1202 199 178 twoway taxiway_E B2
1202 182 183 twoway runway 06R/24L
1204 departure 06R,24L
1204 arrival 06R,24L
1204 ils 06R,24L
1202 183 184 twoway runway 06R/24L
1204 departure 06R,24L
1204 arrival 06R,24L
1204 ils 06R,24L
1202 184 179 twoway runway 06R/24L
1204 departure 06R,24L
1204 arrival 06R,24L
1204 ils 06R,24L
1202 185 186 twoway runway 06L/24R
1204 departure 06L,24R
1204 arrival 06L,24R
1204 ils 06L,24R
1202 186 187 twoway runway 06L/24R
1204 departure 06L,24R
1204 arrival 06L,24R
1204 ils 06L,24R
1202 187 180 twoway runway 06L/24R
1204 departure 06L,24R
1204 arrival 06L,24R
1204 ils 06L,24R
1202 188 189 twoway runway 13/31
1204 departure 13,31
1204 arrival 13,31
1204 ils 13,31
1202 189 190 twoway runway 13/31
1204 departure 13,31
1204 arrival 13,31
1204 ils 13,31
1202 190 191 twoway runway 13/31
1204 departure 13,31
1204 arrival 13,31
1204 ils 13,31
1202 191 192 twoway runway 13/31
1204 departure 13,31
1204 arrival 13,31
1204 ils 13,31
1202 192 181 twoway runway 13/31
1204 departure 13,31
1204 arrival 13,31
1204 ils 13,31
1202 194 193 twoway taxiway_E B1
1202 195 194 twoway taxiway_E B1
1202 196 195 twoway taxiway_E B1
1202 197 196 twoway taxiway_E B1
1202 198 199 twoway taxiway_E B
1202 199 197 twoway taxiway_E B
1202 200 198 twoway taxiway_E B
1202 201 200 twoway taxiway_E B3
1202 202 201 twoway taxiway_E B3
1202 203 202 twoway taxiway_E B3
1202 204 203 twoway taxiway_E B3
1202 206 205 twoway taxiway_B C
1202 207 206 twoway taxiway_B C
1202 208 207 twoway taxiway_B C
1202 209 208 twoway taxiway_B C
1202 210 209 twoway taxiway_B C
1202 211 210 twoway taxiway_B C
1202 212 211 twoway taxiway_B C
1202 213 212 twoway taxiway_B C
1202 244 213 twoway taxiway_B C
1202 214 185 twoway taxiway_B C
1204 departure 06L,24R
1204 arrival 06L,24R
1202 215 214 twoway taxiway_B C
1204 departure 06L,24R
1204 arrival 06L,24R
1202 216 215 twoway taxiway_B C
1202 217 216 twoway taxiway_B C
1202 218 217 twoway taxiway_B C7
1202 219 218 twoway taxiway_B C7
1202 220 219 twoway taxiway_B C7
1202 221 220 twoway taxiway_B C7
1202 222 221 twoway taxiway_B C7
1202 223 222 twoway taxiway_B C7
1202 224 223 twoway taxiway_B C7
1202 225 224 twoway taxiway_B C7
1202 226 225 twoway taxiway_B C7
1202 227 226 twoway taxiway_B C7
1202 228 227 twoway taxiway_B C7
1202 229 228 twoway taxiway_B C7
1202 230 229 twoway taxiway_B C7
1202 231 230 twoway taxiway_B C7
1202 232 231 twoway taxiway_B C7
1202 233 232 twoway taxiway_B C7
1202 234 233 twoway taxiway_B C7
1202 235 234 twoway taxiway_B C7
1202 236 235 twoway taxiway_B C7
1202 237 236 twoway taxiway_B C7
1202 238 237 twoway taxiway_B C7
1202 239 238 twoway taxiway_B C7
1202 240 239 twoway taxiway_B C7
1202 241 240 twoway taxiway_B C7
1202 242 241 twoway taxiway_B C7
1202 243 242 twoway taxiway_B C7
1202 244 243 twoway taxiway_B C7
1202 245 244 twoway taxiway_B C8
1202 146 245 twoway taxiway_B C8
1204 departure 13,31
1204 arrival 13,31
1202 246 180 twoway taxiway_E M
1204 departure 06L,24R
1204 arrival 06L,24R
1202 247 246 twoway taxiway_E M
1204 departure 06L,24R
1204 arrival 06L,24R
1202 247 73 twoway taxiway_E C
1202 85 247 twoway taxiway_E C
1206 0 13 oneway  
1206 1 0 oneway  
1206 2 1 oneway  
1206 3 2 oneway  
1206 4 3 oneway  
1206 5 4 oneway  
1206 6 5 oneway  
1206 7 6 oneway  
1206 8 7 oneway  
1206 16 8 oneway  
1206 9 36 oneway  
1206 10 9 oneway  
1206 11 10 oneway  
1206 12 11 oneway  
1206 13 12 oneway  
1206 14 13 oneway  
1206 15 14 oneway  
1206 16 15 oneway  
1206 37 16 oneway  
1206 46 17 twoway  
1206 52 18 twoway  
1206 20 19 twoway  
1206 21 20 twoway  
1206 22 21 twoway  
1206 51 22 twoway  
1206 23 38 oneway  
1206 24 23 oneway  
1206 50 24 oneway  
1206 25 50 oneway  
1206 39 25 oneway  
1206 26 35 twoway  
1206 27 26 twoway  
1206 28 27 twoway  
1206 29 28 twoway  
1206 33 29 twoway  
1206 31 30 twoway  
1206 32 31 twoway  
1206 33 34 twoway  
1206 34 35 twoway  
1206 35 32 twoway  
1206 36 37 twoway  
1206 37 38 twoway  
1206 38 39 twoway  
1206 39 40 twoway  
1206 40 33 twoway  
1206 41 34 twoway  
1206 42 41 twoway  
1206 43 42 twoway  
1206 44 43 twoway  
1206 45 44 twoway  
1206 46 45 twoway  
1206 47 46 twoway  
1206 48 47 twoway  
1206 49 48 twoway  
1206 50 51 twoway  
1206 51 52 twoway  
1206 52 49 twoway  
1206 53 50 twoway  
1206 40 53 twoway  
99
